0, (115, 36)
1, (50, 14)
2, (30, 274)
3, (158, 295)
4, (257, 16)
5, (323, 84)
6, (260 52)
7, (236, 96)
8, (236, 175)
9, (237, 227)
10, (216, 256)
11, (289, 275)
12, (272, 294)
13, (410, 151)
14, (387, 202)
15, (514, 15)
16, (493, 40)
17, (467, 61)
18, (492, 132)
19, (491, 200)
20, (469, 224)
21, (493, 276)
22, (515, 152)
23, (595, 36)
24, (573, 63)
25, (596, 83)
26, [620, 152]
27, [595, 171]
28, [576, 222]
29, [598, 241]
30, [573, 296]
31, [1256, 314]
32, [700, 44]
33, [680, 63]
34, [700, 92]
35, [665, 131]
36, [680, 190]
37, [1256, 314]
38, [680, 224]
39, [700, 273]
40, [760, 153]
41, [754, 290]
42, [773, 35]
43, [772, 241]
44, [870, 14]
45, [848, 42]
46, [826, 64]
47, [1256, 314]
48, [867, 152]
49, [848, 202]
50, [825, 224]
51, [846, 274]
52, [957, 153]